0 142.056 227.178 294.491 348.897 387.559 427.258 342.235 252.62 156.4 84.6286 109.078 181.97 239.301 290.642 330.442 348.382 317.177 241.307 180.613 98.4327 82.7647 145.908 193.08 258.103 297.355 291.596 282.554 201.358 127.35 42.0595 104.709 162.459 205.937 270.647 316.141 269.981 165.919 223.504 151.01 68.884 155.348 209.335 258.643 272.976 269.585 245.544 180.712 165.529 209.571 152.895 90.4268 
142.056 0 85.1469 152.555 208.598 249.195 293.43 224.163 157.699 91.5915 85.7555 123.069 160.963 215.557 278.289 333.808 384.159 383.11 311.931 262.231 197.669 193.706 253.142 302.476 369.769 415.933 422.601 421.048 343.373 267.571 180.602 240.15 298.565 342.71 404.883 429.121 354.968 264.94 260.112 188.807 144.627 166.003 199.882 224.08 205.679 174.471 130.599 123.146 74.4312 80.9197 29.4109 56.648 
227.178 85.1469 0 67.4759 125.591 168.19 216.889 169.496 141.877 132.774 162.985 189.621 200.322 241.299 301.902 361.134 425.215 438.398 372.614 329.947 274.833 273.591 329.273 377.521 443.947 491.945 503.271 504.58 428.515 352.511 265.588 324.41 382.624 426.755 488.016 505.059 422.412 340.372 314.274 251.909 224.27 222.928 240.776 246.418 208.312 159.028 105.005 157.051 110.318 61.4654 82.8553 140.246 
294.491 152.555 67.4759 0 61.8547 106.4 159.806 144.222 159.762 185.715 227.264 248.888 245.772 275.83 331.717 391.256 463.168 485.687 424.332 386.567 337.44 337.676 390.817 438.047 503.502 552.483 566.972 570.375 495.849 419.987 333.062 391.772 449.911 494.025 554.928 568.502 481.773 404.21 368.023 311.321 290.413 280.432 289.917 284.839 237.034 181.077 131.883 208.471 168.241 111.018 148.762 207.639 
348.897 208.598 125.591 61.8547 0 44.6878 99.6393 117.175 171.143 223.973 276.016 290.904 273.923 292.335 341.576 399.696 477.913 509.927 454.321 422.8 382.099 384.574 433.368 478.724 542.31 592.355 611.739 619.233 549.738 475.656 388.726 448.746 507.159 551.305 613.179 629.679 543.615 465.188 429.564 373.129 349.86 342.286 350.865 343.023 292.453 235.468 189.908 270.041 230.02 172.861 208.355 264.877 
387.559 249.195 168.19 106.4 44.6878 0 56.4358 111.036 187.747 254.332 311.647 322.224 296.892 307.247 350.852 407.001 488.729 527.106 475.925 448.911 414.146 418.077 463.643 507.443 569.394 619.956 642.721 653.11 587.409 514.782 428.085 488.878 547.387 591.493 654.058 673.116 587.986 508.485 474.249 417.423 392.011 386.762 395.501 386.846 335.336 278.183 233.962 314.721 274.303 217.407 251.016 305.792 
427.258 293.43 216.889 159.806 99.6393 56.4358 0 109.481 203.887 284.289 347.57 351.95 316.155 315.93 351.241 403.764 488.808 535.061 490.306 469.706 443.63 449.628 490.102 531.305 590.474 641.449 669.003 683.727 624.362 554.499 468.653 530.472 588.926 632.814 696.512 721.138 639.05 556.424 527.516 468.415 437.824 438.543 449.722 442.652 391.618 334.498 289.546 368.024 325.652 269.987 298.751 349.914 
342.235 224.163 169.496 144.222 117.175 111.036 109.481 0 98.732 189.256 258.521 254.262 210.038 206.461 243.417 297.874 381.425 425.681 381.295 363.112 343.991 352.172 387.177 426.198 483.547 534.585 564.965 583.301 531.919 467.184 384.294 446.942 504.464 547.442 612.687 650.202 579.124 487.453 479.401 411.661 365.759 385.914 409.199 415.592 374.156 320.632 268.002 325.509 276.523 230.835 238.801 276.944 
252.62 157.699 141.877 159.762 171.143 187.747 203.887 98.732 0 96.2601 168.003 157.305 112.285 121.202 172.743 232.011 307.293 339.882 288.6 265.831 245.703 254.608 288.461 328.002 386.588 437.567 466.473 484.648 435.828 374.237 294.35 356.675 412.989 455.084 520.862 566.62 504.762 407.492 417.259 344.217 286.356 323.36 356.707 375.213 345.284 299.668 245.986 276.492 225.559 197 180.936 201.122 
156.4 91.5915 132.774 185.715 223.973 254.332 284.289 189.256 96.2601 0 71.8401 68.0074 71.1196 123.968 186.703 242.621 297.229 305.735 240.208 200.928 160.012 165.339 209.619 254.788 318.961 368.664 388.491 399.782 342.8 278.627 198.091 260.432 316.938 359.301 424.948 471.19 413.566 313.949 335.543 259.979 194.427 244.008 285.156 314.193 297.195 263.319 215.177 213.284 165.895 162.496 120.83 115.741 
84.6286 85.7555 162.985 227.264 276.016 311.647 347.57 258.521 168.003 71.8401 0 45.607 110.422 170.426 228.79 277.406 314.331 303.422 230.054 177.598 112.539 110.635 167.765 216.91 284.121 330.711 340.297 343.583 276.805 208.777 126.479 189.003 246.059 288.922 354.249 399.591 345.398 244.018 277.308 200.823 127.534 191.094 238.925 277.218 273.251 252.242 213.715 180.867 143.951 166.235 109.786 68.0074 
109.078 123.069 189.621 248.888 290.904 322.224 351.95 254.262 157.305 68.0074 45.607 0 72.9452 131.32 186.593 233.019 268.812 260.601 188.862 140.901 92.0054 98.0612 142.58 189.172 254.804 303.595 320.914 331.869 278.548 219.718 146.986 206.519 260.048 300.673 366.699 423.34 378.36 274.782 318.779 242.508 165.17 235.077 283.924 322.816 318.135 294.853 253.539 226.241 187.665 203.691 150.083 113.6 
181.97 160.963 200.322 245.772 273.923 296.892 316.155 210.038 112.285 71.1196 110.422 72.9452 0 60.0167 120.067 173.22 226.338 240 180.427 153.551 142.667 155.618 178.869 216.187 274.332 325.295 355.186 376.431 338.245 286.923 219.021 276.957 328.293 367.212 433.074 494.92 451.239 347.727 387.723 311.238 236.542 300.403 346.006 379.559 366.351 334.175 286.295 279.485 234.293 233.6 190.373 173.026 
239.301 215.557 241.299 275.83 292.335 307.247 315.93 206.461 121.202 123.968 170.426 131.32 60.0167 0 62.8172 120.42 187.395 220.077 176.556 170.329 185.526 201.527 209.313 236.966 285.797 336.341 375.458 404.646 380 336.269 274.401 329.82 378.272 415.072 480.276 548.471 509.228 405.191 447.733 371.248 296.071 360.228 405.209 437.247 421.086 385.483 335.37 336.621 289.836 282.661 244.753 232.422 
290.642 278.289 301.902 331.717 341.576 350.852 351.241 243.417 172.743 186.703 228.79 186.593 120.067 62.8172 0 59.6406 138.062 189.526 167.72 183.439 222.158 240.302 232.142 248.163 284.623 332.688 380.396 417.502 408.708 374.995 322.233 373.268 417.171 450.729 514.347 590.994 559.808 455.186 505.301 428.939 351.454 419.745 466.004 499.313 483.873 448.135 397.71 398.898 352.495 345.081 307.522 293.002 
330.442 333.808 361.134 391.256 399.696 407.001 403.764 297.874 232.011 242.621 277.406 233.019 173.22 120.42 59.6406 0 87.5557 156.016 159.201 193.807 250.354 269.551 247.396 251.73 274.571 318.427 372.907 416.693 423.402 400.262 357.767 403.351 441.874 471.629 532.806 617.612 595.733 491.24 550.384 474.607 394.833 468.087 516.257 552.123 539.426 505.446 455.706 452.492 407.47 402.959 363.193 343.786 
348.382 384.159 425.215 463.168 477.913 488.729 488.808 381.425 307.293 297.229 314.331 268.812 226.338 187.395 138.062 87.5557 0 82.9277 124.31 179.524 255.031 274.117 232.88 219.659 221.515 257.531 318.311 369.233 397.217 390.978 367.049 401.659 430.215 453.184 509.156 604.954 599.099 496.952 571.853 498.744 416.659 497.953 549.488 591.082 586.251 558.6 512.15 495.02 454.588 459.619 413.237 382.321 
317.177 383.11 438.398 485.687 509.927 527.106 535.061 425.681 339.882 305.735 303.422 260.601 240 220.077 189.526 156.016 82.9277 0 75.9605 136.682 218.874 236.019 181.797 154.871 142.302 175.069 237.008 290 328.892 334.791 327.124 351.091 371.117 388.799 440.546 542.22 548.074 449.695 536.471 467.441 385.85 472.036 525.547 571.959 575.421 555.317 513.697 481.763 447.371 462.836 410.641 369.066 
241.307 311.931 372.614 424.332 454.321 475.925 490.306 381.295 288.6 240.208 230.054 188.862 180.427 176.556 167.72 159.201 124.31 75.9605 0 61.1882 143.136 160.639 110.454 96.566 117.388 164.976 214.767 257.531 273.766 267.711 252.579 280.644 306.323 328.897 385.498 480.708 478.357 378.005 461.468 391.782 310.048 396.081 449.589 496.166 500.645 482.296 442.354 406.795 373.803 392.445 338.662 294.551 
180.613 262.231 329.947 386.567 422.8 448.911 469.706 363.112 265.831 200.928 177.598 140.901 153.551 170.329 183.439 193.807 179.524 136.682 61.1882 0 82.2192 99.4636 54.626 66.7308 120.814 171.747 205.341 235.733 229.617 212.257 191.51 222.173 252.464 279.122 339.236 428.215 419.753 318.308 400.281 330.764 249.195 335.738 389.464 436.931 443.798 428.515 391.312 349.757 319.564 343.146 287.367 238.948 
98.4327 197.669 274.833 337.44 382.099 414.146 443.63 343.991 245.703 160.012 112.539 92.0054 142.667 185.526 222.158 250.354 255.031 218.874 143.136 82.2192 0 19.4165 55.5698 105.152 172.569 218.277 229.837 240.104 195.888 152.869 112.018 153.013 195.064 229.993 294.871 369.129 346.983 243.311 318.944 248.646 166.979 253.693 307.548 355.788 365.471 354.464 321.66 271.592 245.904 276.986 219.208 164.438 
82.7647 193.706 273.591 337.676 384.574 418.077 449.628 352.172 254.608 165.339 110.635 98.0612 155.618 201.527 240.302 269.551 274.117 236.019 160.639 99.4636 19.4165 0 64.3817 113.358 180.236 223.647 229.682 235.034 182.945 135.248 93.0215 133.933 177.429 213.551 278.891 350.715 327.567 223.913 300.885 231.521 150.416 237.968 292.036 341.283 353.273 344.816 314.302 259.786 237.002 271.459 213.328 155.901 
145.908 253.142 329.273 390.817 433.368 463.643 490.102 387.177 288.461 209.619 167.765 142.58 178.869 209.313 232.142 247.396 232.88 181.797 110.454 54.626 55.5698 64.3817 0 49.6488 117.047 162.963 179.179 197.692 177.054 158.142 147.363 170.238 197.975 224.662 285.428 373.631 367.92 268.119 356.725 290.849 211.589 299.933 354.133 404.427 417.594 408.839 377.011 324.164 300.648 332.555 274.758 219.272 
193.08 302.476 377.521 438.047 478.724 507.443 531.305 426.198 328.002 254.788 216.91 189.172 216.187 236.966 248.163 251.73 219.659 154.871 96.566 66.7308 105.152 113.358 49.6488 0 67.4166 114.49 139.442 169.532 177.564 181.003 189.19 200.569 216.335 234.764 289.5 387.816 395.285 300.028 396.184 333.665 256.564 345.064 399.205 450.582 465.76 458.157 426.657 372.678 350.143 382.099 324.359 268.822 
258.103 369.769 443.947 503.502 542.31 569.394 590.474 483.547 386.588 318.961 284.121 254.804 274.332 285.797 284.623 274.571 221.515 142.302 117.388 120.814 172.569 180.236 117.047 67.4166 0 51.0392 98.4733 147.899 197.018 224.617 249.704 250.354 253.16 261.192 305.773 413.749 436.973 348.511 451.736 393.376 319.077 407.2 461.053 513.522 531.075 524.958 494.013 438.518 417.225 449.499 391.775 336.006 
297.355 415.933 491.945 552.483 592.355 619.956 641.449 534.585 437.567 368.664 330.711 303.595 325.295 336.341 332.688 318.427 257.531 175.069 164.976 171.747 218.277 223.647 162.963 114.49 51.0392 0 65.2993 124.31 200.412 244.626 283.656 274.401 266.58 266.177 301.281 414.204 450.131 369.06 477.797 424.5 354.278 441.145 494.276 547.96 569.217 566.42 537.855 477.963 459.848 494.825 436.794 379.269 
291.596 422.601 503.271 566.972 611.739 642.721 669.003 564.965 466.473 388.491 340.297 320.914 355.186 375.458 380.396 372.907 318.311 237.008 214.767 205.341 229.837 229.682 179.179 139.442 98.4733 65.2993 0 60.208 152.712 212.702 269.312 246.138 225.878 216.947 243.594 358.588 405.011 333.384 447.135 401.796 339.572 422.522 473.701 528.685 556.129 559.893 536.954 468.415 457.108 498.128 440.083 379.39 
282.554 421.048 504.58 570.375 619.233 653.11 683.727 583.301 484.648 399.782 343.583 331.869 376.431 404.646 417.502 416.693 369.233 290 257.531 235.733 240.104 235.034 197.692 169.532 147.899 124.31 60.208 0 109.041 182.222 253.16 217.451 185.397 167.943 186.271 302.05 356.484 294.432 410.835 373.504 320.306 397.605 446.161 501.618 534.342 544.027 526.522 451.048 446.203 492.111 435.056 372.819 
201.358 343.373 428.515 495.849 549.738 587.409 624.362 531.919 435.828 342.8 276.805 278.548 338.245 380 408.708 423.402 397.217 328.892 273.766 229.617 195.888 182.945 177.054 177.564 197.018 200.412 152.712 109.041 0 80.7775 164.195 115.434 76.3806 65.7647 112.004 216.749 252.367 185.397 301.955 268.062 223.862 294.272 340.602 396.021 432.131 446.843 435.184 353.579 355.76 406.597 352.204 290.028 
127.35 267.571 352.511 419.987 475.656 514.782 554.499 467.184 374.237 278.627 208.777 219.718 286.923 336.269 374.995 400.262 390.978 334.791 267.711 212.257 152.869 135.248 158.142 181.003 224.617 244.626 212.702 182.222 80.7775 0 86.977 35.3553 42.2019 80.9938 146.997 217.35 214.457 124.615 234.828 191.4 143.098 215.585 264.017 319.453 352.899 366.194 354.641 272.905 275.496 327.344 274.148 212.681 
42.0595 180.602 265.588 333.062 388.726 428.085 468.653 384.294 294.35 198.091 126.479 146.986 219.021 274.401 322.233 357.767 367.049 327.124 252.579 191.51 112.018 93.0215 147.363 189.19 249.704 283.656 269.312 253.16 164.195 86.977 0 62.6498 120.54 164.21 228.668 276.384 238.145 133.522 209.554 144.475 70.8378 157.747 211.4 264.441 287.237 291.584 273.761 199.324 193.569 242.621 188.043 126.063 
104.709 240.15 324.41 391.772 448.746 488.878 530.472 446.942 356.675 260.432 189.003 206.519 276.957 329.82 373.268 403.351 401.659 351.091 280.644 222.173 153.013 133.933 170.238 200.569 250.354 274.401 246.138 217.451 115.434 35.3553 62.6498 0 58.5235 102.616 166.235 218.662 197.732 99.4636 203.416 156.486 109.33 180.247 229.009 284.401 317.553 331.445 321.31 238.212 242.825 296.007 244.387 184.166 
162.459 298.565 382.624 449.911 507.159 547.387 588.926 504.464 412.989 316.938 246.059 260.048 328.293 378.272 417.171 441.874 430.215 371.117 306.323 252.464 195.064 177.429 197.975 216.335 253.16 266.58 225.878 185.397 76.3806 42.2019 120.54 58.5235 0 44.1475 108.227 175.96 184.177 109.041 225.621 195.563 164 223.933 267.447 322.591 361.78 381.147 375.123 288.721 298.015 352.512 302.076 242.425 
205.937 342.71 426.755 494.025 551.305 591.493 632.814 547.442 455.084 359.301 288.922 300.673 367.212 415.072 450.729 471.629 453.184 388.799 328.897 279.122 229.993 213.551 224.662 234.764 261.192 266.177 216.947 167.943 65.7647 80.9938 164.21 102.616 44.1475 0 66.0303 153.574 188.743 136.004 252.492 232.125 207.241 262.185 302.498 356.901 399.152 421.372 417.433 329.686 341.072 396.063 346.082 286.568 
270.647 404.883 488.016 554.928 613.179 654.058 696.512 612.687 520.862 424.948 354.249 366.699 433.074 480.276 514.347 532.806 509.156 440.546 385.498 339.236 294.871 278.891 285.428 289.5 305.773 301.281 243.594 186.271 112.004 146.997 228.668 166.235 108.227 66.0303 0 115.953 189.526 173.173 281.539 276.973 265.377 309.181 343.076 395.204 442.477 470.304 471.383 381.021 397.555 453.971 406.321 348.363 
316.141 429.121 505.059 568.502 629.679 673.116 721.138 650.202 566.62 471.19 399.591 423.34 494.92 548.471 590.994 617.612 604.954 542.22 480.708 428.215 369.129 350.715 373.631 387.816 413.749 414.204 358.588 302.05 216.749 217.35 276.384 218.662 175.96 153.574 115.953 0 111.629 164.73 234.053 261.536 284.861 294.822 311.451 355.09 410.25 449.814 464.165 371.357 401.404 459.705 422.512 373.909 
269.981 354.968 422.412 481.773 543.615 587.986 639.05 579.124 504.762 413.566 345.398 378.36 451.239 509.228 559.808 595.733 599.099 548.074 478.357 419.753 346.983 327.567 367.92 395.285 436.973 450.131 405.011 356.484 252.367 214.457 238.145 197.732 184.177 188.743 189.526 111.629 0 104.676 126.301 170.652 219.146 201.517 207.28 246.483 303.318 346.84 367.459 276.422 313.704 370.904 342.533 304.245 
165.919 264.94 340.372 404.21 465.188 508.485 556.424 487.453 407.492 313.949 244.018 274.782 347.727 405.191 455.186 491.24 496.952 449.695 378.005 318.308 243.311 223.913 268.119 300.028 348.511 369.06 333.384 294.432 185.397 124.615 133.522 99.4636 109.041 136.004 173.173 164.73 104.676 0 117.154 105 121.828 138.13 170.018 222.946 269.312 299.007 305.459 212.984 238.137 296.38 257.783 210.523 
223.504 260.112 314.274 368.023 429.564 474.249 527.516 479.401 417.259 335.543 277.308 318.779 387.723 447.733 505.301 550.384 571.853 536.471 461.468 400.281 318.944 300.885 356.725 396.184 451.736 477.797 447.135 410.835 301.955 234.828 209.554 203.416 225.621 252.492 281.539 234.053 126.301 117.154 0 76.4853 156.003 94.1541 82.3468 121.037 177.071 221.382 246.272 159.552 204.044 257.577 241.033 219.829 
151.01 188.807 251.909 311.321 373.129 417.423 468.415 411.661 344.217 259.979 200.823 242.508 311.238 371.248 428.939 474.607 498.744 467.441 391.782 330.764 248.646 231.521 290.849 333.665 393.376 424.5 401.796 373.504 268.062 191.4 144.475 156.486 195.563 232.125 276.973 261.536 170.652 105 76.4853 0 82.201 33.541 72.6705 128.141 167.045 194.01 202.781 109.895 143.122 200.689 173.254 144.586 
68.884 144.627 224.27 290.413 349.86 392.011 437.824 365.759 286.356 194.427 127.534 165.17 236.542 296.071 351.454 394.833 416.659 385.85 310.048 249.195 166.979 150.416 211.589 256.564 319.077 354.278 339.572 320.306 223.862 143.098 70.8378 109.33 164 207.241 265.377 284.861 219.146 121.828 156.003 82.201 0 88.5099 142.688 194.445 216.603 223.949 211.993 130.782 134.034 188.958 141.683 89.0505 
155.348 166.003 222.928 280.432 342.286 386.762 438.543 385.914 323.36 244.008 191.094 235.077 300.403 360.228 419.745 468.087 497.953 472.036 396.081 335.738 253.693 237.968 299.933 345.064 407.2 441.145 422.522 397.605 294.272 215.585 157.747 180.247 223.933 262.185 309.181 294.822 201.517 138.13 94.1541 33.541 88.5099 0 54.2033 106.832 138.004 161.199 169.366 76.5376 112.929 169.461 147.201 128.655 
209.335 199.882 240.776 289.917 350.865 395.501 449.722 409.199 356.707 285.156 238.925 283.924 346.006 405.209 466.004 516.257 549.488 525.547 449.589 389.464 307.548 292.036 354.133 399.205 461.053 494.276 473.701 446.161 340.602 264.017 211.4 229.009 267.447 302.498 343.076 311.451 207.28 170.018 82.3468 72.6705 142.688 54.2033 0 55.4707 100.245 139.56 164.757 83.7616 133.27 181.32 175.915 173.003 
258.643 224.08 246.418 284.839 343.023 386.846 442.652 415.592 375.213 314.193 277.218 322.816 379.559 437.247 499.313 552.123 591.082 571.959 496.166 436.931 355.788 341.283 404.427 450.582 513.522 547.96 528.685 501.618 396.021 319.453 264.441 284.401 322.591 356.901 395.204 355.09 246.483 222.946 121.037 128.141 194.445 106.832 55.4707 0 59.0931 112.446 153.219 101 150.652 184.954 196.573 209.344 
272.976 205.679 208.312 237.034 292.453 335.336 391.618 374.156 345.284 297.195 273.251 318.135 366.351 421.086 483.873 539.426 586.251 575.421 500.645 443.798 365.471 353.273 417.594 465.76 531.075 569.217 556.129 534.342 432.131 352.899 287.237 317.553 361.78 399.152 442.477 410.25 303.318 269.312 177.071 167.045 216.603 138.004 100.245 59.0931 0 57.2014 106.283 94.0479 132.197 148.661 176.366 206.4 
269.585 174.471 159.028 181.077 235.468 278.183 334.498 320.632 299.668 263.319 252.242 294.853 334.175 385.483 448.135 505.446 558.6 555.317 482.296 428.515 354.464 344.816 408.839 458.157 524.958 566.42 559.893 544.027 446.843 366.194 291.584 331.445 381.147 421.372 470.304 449.814 346.84 299.007 221.382 194.01 223.949 161.199 139.56 112.446 57.2014 0 54.037 93.3006 108.977 103.942 145.619 190.213 
245.544 130.599 105.005 131.883 189.908 233.962 289.546 268.002 245.986 215.177 213.715 253.539 286.295 335.37 397.71 455.706 512.15 513.697 442.354 391.312 321.66 314.302 377.011 426.657 494.013 537.855 536.954 526.522 435.184 354.641 273.761 321.31 375.123 417.433 471.383 464.165 367.459 305.459 246.272 202.781 211.993 169.366 164.757 153.219 106.283 54.037 0 92.8924 80.3243 52.8015 103.966 158.647 
180.712 123.146 157.051 208.471 270.041 314.721 368.024 325.509 276.492 213.284 180.867 226.241 279.485 336.621 398.898 452.492 495.02 481.763 406.795 349.757 271.592 259.786 324.164 372.678 438.518 477.963 468.415 451.048 353.579 272.905 199.324 238.212 288.721 329.686 381.021 371.357 276.422 212.984 159.552 109.895 130.782 76.5376 83.7616 101 94.0479 93.3006 92.8924 0 50.9608 98.3107 96.1769 113.217 
165.529 74.4312 110.318 168.241 230.02 274.303 325.652 276.523 225.559 165.895 143.951 187.665 234.293 289.836 352.495 407.47 454.588 447.371 373.803 319.564 245.904 237.002 300.648 350.143 417.225 459.848 457.108 446.203 355.76 275.496 193.569 242.825 298.015 341.072 397.555 401.404 313.704 238.137 204.044 143.122 134.034 112.929 133.27 150.652 132.197 108.977 80.3243 50.9608 0 58.3095 46.0109 81.4678 
209.571 80.9197 61.4654 111.018 172.861 217.407 269.987 230.835 197 162.496 166.235 203.691 233.6 282.661 345.081 402.959 459.619 462.836 392.445 343.146 276.986 271.459 332.555 382.099 449.499 494.825 498.128 492.111 406.597 327.344 242.621 296.007 352.512 396.063 453.971 459.705 370.904 296.38 257.577 200.689 188.958 169.461 181.32 184.954 148.661 103.942 52.8015 98.3107 58.3095 0 58.1808 119.369 
152.895 29.4109 82.8553 148.762 208.355 251.016 298.751 238.801 180.936 120.83 109.786 150.083 190.373 244.753 307.522 363.193 413.237 410.641 338.662 287.367 219.208 213.328 274.758 324.359 391.775 436.794 440.083 435.056 352.204 274.148 188.043 244.387 302.076 346.082 406.321 422.512 342.533 257.783 241.033 173.254 141.683 147.201 175.915 196.573 176.366 145.619 103.966 96.1769 46.0109 58.1808 0 62.514 
90.4268 56.648 140.246 207.639 264.877 305.792 349.914 276.944 201.122 115.741 68.0074 113.6 173.026 232.422 293.002 343.786 382.321 369.066 294.551 238.948 164.438 155.901 219.272 268.822 336.006 379.269 379.39 372.819 290.028 212.681 126.063 184.166 242.425 286.568 348.363 373.909 304.245 210.523 219.829 144.586 89.0505 128.655 173.003 209.344 206.4 190.213 158.647 113.217 81.4678 119.369 62.514 0 
